00100000000000100000000000000010
00100000000000110000000000000000
00100000000001000000000000101000
00000000011000100000000000011010
00000000000000000000100000010010
00000000000000000010100000010000
00100000000001100000000000000001
00010000101001100000000000001100
00100000000001100000000000000100
00000000001001100000000000011000
00000000000000000000100000010010
00100000000001110000000000000011
00000000001001110000000000011000
00000000000000000000100000010010
00100000011000110000000000000001
00000000011001100000000000011000
00000000000000000011000000010010
10101100110000010000000000000000
00010000110001000000000000000011
00001000000000000000000000000011
00100000001000010000000000000001
00001000000000000000000000001000
00001000000000000000000000010110
